   2          TOTAL NUMBER OF ATOM TYPES
    8    8      ELECTRONIC AND NUCLEAR CHARGE
ALL           ALL-ELECTRON ATOM TYPE
    1         NUMBER OF ATOMS OF TYPE OXY
ALL-OXY00001   default        
EXTRABASIS    CONTROLS USAGE OF SUPPLEMENTARY BASIS FUNCTIONS
  13          NUMBER OF BARE GAUSSIANS
   5   4   3  NUMBER OF S,P,D FUNCTIONS
   0   0   1  SUPPLEMENTARY S,P,D FUNCTIONS
       0.6120995220D+05       0.9191660630D+04       0.2094692730D+04
       0.5935495900D+03       0.1936468550D+03       0.6977937380D+02
       0.2693975300D+02       0.1093418610D+02       0.4565711210D+01
       0.1884057180D+01       0.7553058400D+00       0.2915527400D+00
       0.1049174000D+00

       0.2484510850D+00       0.4640692010D+00       0.8000280060D+00
       0.1288259230D+01       0.1912301250D+01       0.2484317540D+01
       0.2565928310D+01       0.1710267850D+01       0.4862767820D+00
       0.2128629570D-01       0.3876386950D-03      -0.1273179470D-03
       0.1805300580D-04

      -0.5837699430D-01      -0.1091869670D+00      -0.1884255660D+00
      -0.3060803760D+00      -0.4627975500D+00      -0.6352657150D+00
      -0.7423516650D+00      -0.6508699470D+00      -0.2850338670D+00
       0.1945857910D+00       0.3001787390D+00       0.1205146690D+00
       0.7304580300D-02

       0.0000000000D+00       0.0000000000D+00       0.0000000000D+00
       0.0000000000D+00       0.0000000000D+00       0.0000000000D+00
       0.0000000000D+00       0.0000000000D+00       0.0000000000D+00
       0.0000000000D+00       0.1000000000D+01       0.0000000000D+00
       0.0000000000D+00

       0.0000000000D+00       0.0000000000D+00       0.0000000000D+00
       0.0000000000D+00       0.0000000000D+00       0.0000000000D+00
       0.0000000000D+00       0.0000000000D+00       0.0000000000D+00
       0.0000000000D+00       0.0000000000D+00       0.1000000000D+01
       0.0000000000D+00

       0.0000000000D+00       0.0000000000D+00       0.0000000000D+00
       0.0000000000D+00       0.0000000000D+00       0.0000000000D+00
       0.0000000000D+00       0.0000000000D+00       0.0000000000D+00
       0.0000000000D+00       0.0000000000D+00       0.0000000000D+00
       0.1000000000D+01

       0.4803085360D-01       0.7673145870D-01       0.1493385660D+00
       0.2241829500D+00       0.3683805400D+00       0.5002376060D+00
       0.6764937310D+00       0.7390674950D+00       0.7096321280D+00
       0.4954630190D+00       0.2131075530D+00       0.5731713790D-01
       0.6280915410D-02

       0.0000000000D+00       0.0000000000D+00       0.0000000000D+00
       0.0000000000D+00       0.0000000000D+00       0.0000000000D+00
       0.0000000000D+00       0.0000000000D+00       0.0000000000D+00
       0.0000000000D+00       0.1000000000D+01       0.0000000000D+00
       0.0000000000D+00

       0.0000000000D+00       0.0000000000D+00       0.0000000000D+00
       0.0000000000D+00       0.0000000000D+00       0.0000000000D+00
       0.0000000000D+00       0.0000000000D+00       0.0000000000D+00
       0.0000000000D+00       0.0000000000D+00       0.1000000000D+01
       0.0000000000D+00

       0.0000000000D+00       0.0000000000D+00       0.0000000000D+00
       0.0000000000D+00       0.0000000000D+00       0.0000000000D+00
       0.0000000000D+00       0.0000000000D+00       0.0000000000D+00
       0.0000000000D+00       0.0000000000D+00       0.0000000000D+00
       0.1000000000D+01

       0.0000000000D+00       0.0000000000D+00       0.0000000000D+00
       0.0000000000D+00       0.0000000000D+00       0.0000000000D+00
       0.0000000000D+00       0.0000000000D+00       0.0000000000D+00
       0.1000000000D+01       0.0000000000D+00       0.0000000000D+00
       0.0000000000D+00

       0.0000000000D+00       0.0000000000D+00       0.0000000000D+00
       0.0000000000D+00       0.0000000000D+00       0.0000000000D+00
       0.0000000000D+00       0.0000000000D+00       0.0000000000D+00
       0.0000000000D+00       0.1000000000D+01       0.0000000000D+00
       0.0000000000D+00

       0.0000000000D+00       0.0000000000D+00       0.0000000000D+00
       0.0000000000D+00       0.0000000000D+00       0.0000000000D+00
       0.0000000000D+00       0.0000000000D+00       0.0000000000D+00
       0.0000000000D+00       0.0000000000D+00       0.1000000000D+01
       0.0000000000D+00

       0.0000000000D+00       0.0000000000D+00       0.0000000000D+00
       0.0000000000D+00       0.0000000000D+00       0.0000000000D+00
       0.0000000000D+00       0.0000000000D+00       0.0000000000D+00
       0.0000000000D+00       0.0000000000D+00       0.0000000000D+00
       0.1000000000D+01

    1    1      ELECTRONIC AND NUCLEAR CHARGE
ALL           ALL-ELECTRON ATOM TYPE
    2         NUMBER OF ATOMS OF TYPE HYD
ALL-HYD00001   default        
ALL-HYD00002   default        
EXTRABASIS    CONTROLS USAGE OF SUPPLEMENTARY BASIS FUNCTIONS
   6          NUMBER OF BARE GAUSSIANS
   4   3   1  NUMBER OF S,P,D FUNCTIONS
   0   1   1  SUPPLEMENTARY S,P,D FUNCTIONS
       0.7784080190D+02       0.1153441740D+02       0.2613858140D+01
       0.7321663300D+00       0.2283819000D+00       0.7450697000D-01

       0.3765677010D-01       0.7036322570D-01       0.1131455390D+00
       0.1393935110D+00       0.1091635820D+00       0.3585699350D-01

       0.0000000000D+00       0.0000000000D+00       0.0000000000D+00
       0.1000000000D+01       0.0000000000D+00       0.0000000000D+00

       0.0000000000D+00       0.0000000000D+00       0.0000000000D+00
       0.0000000000D+00       0.1000000000D+01       0.0000000000D+00

       0.0000000000D+00       0.0000000000D+00       0.0000000000D+00
       0.0000000000D+00       0.0000000000D+00       0.1000000000D+01

       0.0000000000D+00       0.0000000000D+00       0.1000000000D+01
       0.0000000000D+00       0.0000000000D+00       0.0000000000D+00

       0.0000000000D+00       0.0000000000D+00       0.0000000000D+00
       0.1000000000D+01       0.0000000000D+00       0.0000000000D+00

       0.0000000000D+00       0.0000000000D+00       0.0000000000D+00
       0.0000000000D+00       0.1000000000D+01       0.0000000000D+00

       0.0000000000D+00       0.0000000000D+00       0.0000000000D+00
       0.0000000000D+00       0.0000000000D+00       0.1000000000D+01

       0.0000000000D+00       0.0000000000D+00       0.0000000000D+00
       0.1000000000D+01       0.0000000000D+00       0.0000000000D+00

       0.0000000000D+00       0.0000000000D+00       0.0000000000D+00
       0.0000000000D+00       0.1000000000D+01       0.0000000000D+00

ELECTRONS
WFOUT
